1
1
1
3
5
4
2
3
5
32
4
3
43
24
32
4
23
42
34
2
3
43
24
24
3
2
43
24
32
44
33
4
53
44
32
24
63
2
43
6
4
32
54
53
5
4
3
54
34
3
6
4
32
54
53
5
4
3
54
3
5
44
3
6
4
32
54
53
5
4
3
54
3
5
43
5
3
25
4
32
54
3
2
65
44
3
6
4
32
54
53
5
4
3
54
3
5
43
5
3
25
4
32
54
3
2
65
4
65
4
6
34
6
54
36
4
65
4
6
34
6
54
36
43
5
3
25
4
32
54
3
2
65
4
65
4
6
34
6
54
36
4
5
43
5
3
25
4
32
54
3
2
65
4
65
4
6
34
6
54
36
4
44
432
44
32
436
54
76
7
8
54
75
43
6
4
32
54
53
5
4
3
54
3
5
43
5
3
25
4
32
54
3
2
65
4
65
4
6
34
6
54
36
42
