90
125
106
5
90
6
5
3
90
90
90
6
5
3
90
90
90
6
125
5
3
90
90
90
6
125
5
3
90
90
90
90
6
125
91
125
125
125
125
136
49
24
47
50
67
27
67
67
97
122
45
45
5
106
106
106
106
106
6
6
6
6
6
6
6
6
6
6
6
6
6
6
6
6
6
6
6
6
6
6
6
6
6
6
6
6
6
6
6
6
6
6
6
6
6
6
6
6
6
6
6
6
6
6
6
6
6
6
6
6
6
6
6
6
6
6
6
6
6
6
6
6
6
6
6
6
6
6
6
6
6
6
6
6
6
6
6
6
6
6
6
6
6
6
6
6
6
6
6
6
6
6
6
6
6
6
6
6
6
6
6
6
6
6
6
6
6
6
6
6
6
6
6
6
6
6
6
6
6
6
6
6
6
6
6
6
6
6
6
6
6
6
6
6
6
6
6
6
6
6
6
6
6
6
6
6
6
6
6
6
6
6
6
6
6
6
6
6
6
6
6
6
6
6
6
6
6
6
6
6
6
6
6
6
6
6
6
6
6
6
6
6
6
6
6
6
6
6
6
6
6
6
6
6
6
6
6
6
6
6
6
6
6
6
6
6
6
6
6
6
6
6
6
6
6
6
6
6
6
6
6
6
6
6
6
6
6
6
6
6
6
6
6
6
6
6
6
6
6
6
6
6
6
6
6
6
6
6
6
6
6
6
54
108
106
5
55
45
141
141
141
141
106
6
57
54
16
15
54
67
111
67
66
5
6
6
6
63
63
63
6
54
106
5
108
90
3
106
5
90
6
5
3
90
90
90
6
125
91
106
5
90
6
5
3
90
90
90
6
125
5
3
90
90
90
90
6
125
91
106
5
90
6
5
3
90
90
90
6
125
91
106
5
90
6
5
3
90
90
90
90
6
125
91
3
6
91
5
108
90
3
106
5
90
6
5
3
90
90
90
6
125
91
3
6
91
5
45
108
90
3
3
6
91
5
108
90
3
19
6
91
5
108
90
3
6
91
90
6
91
6
91
91
91
91
